0 Mercedes 300 {0,1,3,5} 120 540 4-seeded strongGear 160 0 60 1 0.900000 120.000000 1
1 BMW 300 {} 78 67 6-seeded geared 120 0 45 0 0.700000 0.000000 1
2 Mazda 303 {2,7} 150 348 3-seeded gg4 250 0 200 1 0.500000 600.000000 1
3 Chevorlet 304 {} 50 60 naql gg9 90 0 200 1 0.700000 0.000000 1
4 Garar 304 {6} 500 500 gar gg15 50 0 200 1 0.700000 0.000000 1
5 ferrari 304 {4} 20 70 luxury gg78 300 0 450 1 0.950000 900.000000 1
6 lanos 305 {} 540 320 8-seeded damanhourGears 64 0 20 1 0.500000 0.000000 1
7 verna 305 {} 450 1 99seded ggsw 640 0 500 0 0.800000 0.000000 1
8 KamalCar 303 {} 15 324 124 ggd 360 0 750 1 0.800000 0.000000 1
9 mahmoudCar 306 {} 15 26 af 125d 254 0 25 0 0.700000 0.000000 1
10 fd 307 {} 45 123 fnhs ggq3 2154 0 987 0 0.500000 0.000000 0